2220000
1450000
561639
194572
77179
40252
24740
17510
13032
10163
8078
6728
5772
4865
4246
3594
3158
2850
2435
2233
1981
1697
1564
1456
1332
1219
1069
1024
921
853
750
737
674
664
579
498
533
517
421
426
336
309
335
323
263
270
216
227
218
231
210
166
205
145
148
135
134
137
130
109
100
99
115
95
100
75
86
81
70
64
61
70
58
58
49
56
49
58
46
40
44
46
44
37
44
29
35
28
33
32
28
34
22
24
16
32
19
13
18
20
17
15
13
23
11
21
9
14
5
8
15
9
12
7
11
11
7
8
6
9
6
